1 1544826602
1 1544826602
1 1544826616
1 1544826602
1 1544826614
1 1544826602
1 1544826621
1 1544826602
1 1544826617
1 1544826602
1 1544826619
2 1544826808
2 1544826808
2 1544826821
2 1544826808
2 1544826819
2 1544826808
2 1544826826
2 1544826808
2 1544826823
2 1544826808
2 1544826825
3 1544826857
3 1544826857
3 1544826871
3 1544826857
3 1544826868
3 1544826857
3 1544826875
3 1544826857
3 1544826870
3 1544826857
3 1544826874
4 1544826937
4 1544826937
4 1544826952
4 1544826937
4 1544826948
4 1544826937
4 1544826955
4 1544826937
4 1544826950
4 1544826937
4 1544826954
5 1544827058
5 1544827058
5 1544827073
5 1544827058
5 1544827070
5 1544827058
5 1544827076
5 1544827058
5 1544827071
5 1544827058
5 1544827075
