1 1544831255
1 1544831255
1 1544831326
1 1544831255
1 1544831304
1 1544831255
1 1544831315
1 1544831255
1 1544831323
1 1544831255
1 1544831310
1 1544831255
1 1544831312
1 1544831255
1 1544831329
1 1544831255
1 1544831320
1 1544831255
1 1544831308
1 1544831255
1 1544831325
1 1544831255
1 1544831305
1 1544831255
1 1544831317
1 1544831255
1 1544831309
1 1544831255
1 1544831318
1 1544831255
1 1544831322
1 1544831255
1 1544831314
1 1544831255
1 1544831324
1 1544831255
1 1544831307
1 1544831255
1 1544831319
1 1544831255
1 1544831313
2 1544831400
2 1544831400
2 1544831453
2 1544831400
2 1544831449
2 1544831400
2 1544831463
2 1544831400
2 1544831460
2 1544831400
2 1544831466
2 1544831400
2 1544831471
2 1544831400
2 1544831472
2 1544831400
2 1544831456
2 1544831400
2 1544831467
2 1544831400
2 1544831451
2 1544831400
2 1544831473
2 1544831400
2 1544831465
2 1544831400
2 1544831455
2 1544831400
2 1544831461
2 1544831400
2 1544831474
2 1544831400
2 1544831468
2 1544831400
2 1544831458
2 1544831400
2 1544831452
2 1544831400
2 1544831462
2 1544831400
2 1544831470
3 1544831518
3 1544831518
3 1544831571
3 1544831518
3 1544831567
3 1544831518
3 1544831581
3 1544831518
3 1544831577
3 1544831518
3 1544831583
3 1544831518
3 1544831588
3 1544831518
3 1544831592
3 1544831518
3 1544831574
3 1544831518
3 1544831585
3 1544831518
3 1544831569
3 1544831518
3 1544831591
3 1544831518
3 1544831582
3 1544831518
3 1544831572
3 1544831518
3 1544831579
3 1544831518
3 1544831590
3 1544831518
3 1544831586
3 1544831518
3 1544831576
3 1544831518
3 1544831570
3 1544831518
3 1544831580
3 1544831518
3 1544831587
4 1544831631
4 1544831631
4 1544831703
4 1544831631
4 1544831680
4 1544831631
4 1544831692
4 1544831631
4 1544831699
4 1544831631
4 1544831687
4 1544831631
4 1544831688
4 1544831631
4 1544831705
4 1544831631
4 1544831697
4 1544831631
4 1544831684
4 1544831631
4 1544831683
4 1544831631
4 1544831682
4 1544831631
4 1544831693
4 1544831631
4 1544831698
4 1544831631
4 1544831694
4 1544831631
4 1544831686
4 1544831631
4 1544831690
4 1544831631
4 1544831700
4 1544831631
4 1544831702
4 1544831631
4 1544831695
4 1544831631
4 1544831689
5 1544831768
5 1544831768
5 1544831837
5 1544831768
5 1544831817
5 1544831768
5 1544831828
5 1544831768
5 1544831831
5 1544831768
5 1544831826
5 1544831768
5 1544831840
5 1544831768
5 1544831842
5 1544831768
5 1544831832
5 1544831768
5 1544831821
5 1544831768
5 1544831820
5 1544831768
5 1544831819
5 1544831768
5 1544831824
5 1544831768
5 1544831839
5 1544831768
5 1544831829
5 1544831768
5 1544831823
5 1544831768
5 1544831830
5 1544831768
5 1544831835
5 1544831768
5 1544831834
5 1544831768
5 1544831836
5 1544831768
5 1544831825
