1 1544828292
1 1544828292
1 1544828325
1 1544828292
1 1544828316
1 1544828292
1 1544828323
1 1544828292
1 1544828318
1 1544828292
1 1544828322
1 1544828292
1 1544828324
1 1544828292
1 1544828319
1 1544828292
1 1544828328
1 1544828292
1 1544828329
1 1544828292
1 1544828320
2 1544828471
2 1544828471
2 1544828500
2 1544828471
2 1544828495
2 1544828471
2 1544828498
2 1544828471
2 1544828503
2 1544828471
2 1544828499
2 1544828471
2 1544828504
2 1544828471
2 1544828508
2 1544828471
2 1544828497
2 1544828471
2 1544828507
2 1544828471
2 1544828505
3 1544828599
3 1544828599
3 1544828632
3 1544828598
3 1544828623
3 1544828598
3 1544828629
3 1544828598
3 1544828634
3 1544828599
3 1544828628
3 1544828599
3 1544828631
3 1544828599
3 1544828626
3 1544828599
3 1544828625
3 1544828599
3 1544828636
3 1544828599
3 1544828627
4 1544828730
4 1544828730
4 1544828758
4 1544828730
4 1544828754
4 1544828730
4 1544828766
4 1544828730
4 1544828756
4 1544828730
4 1544828762
4 1544828730
4 1544828759
4 1544828730
4 1544828763
4 1544828730
4 1544828757
4 1544828730
4 1544828767
4 1544828730
4 1544828764
5 1544829074
5 1544829074
5 1544829108
5 1544829074
5 1544829098
5 1544829074
5 1544829105
5 1544829074
5 1544829100
5 1544829074
5 1544829104
5 1544829074
5 1544829106
5 1544829074
5 1544829101
5 1544829074
5 1544829110
5 1544829074
5 1544829111
5 1544829074
5 1544829103
